{
    "l1": {
        "FID": 32.64118776447947,
        "LPIPS": 0.20505643358417586,
        "PSNR": 17.719228707107842,
        "SSIM": 0.4850758571250766,
        "min_loss": 0.09289833658612241,
        "min_x_trans": -37
    },
    "mse": {
        "FID": 32.64118776447947,
        "LPIPS": 0.20505643358417586,
        "PSNR": 17.719228707107842,
        "SSIM": 0.4850758571250766,
        "min_loss": 0.017675776322207907,
        "min_x_trans": -37
    },
    "perceptual": {
        "FID": 30.082184268022047,
        "LPIPS": 0.20139123879226983,
        "PSNR": 17.673411649816178,
        "SSIM": 0.4929634917016123,
        "min_loss": 1.5931668217275656,
        "min_x_trans": -31
    },
    "ssim": {
        "FID": 29.508335258901695,
        "LPIPS": 0.2043125115188898,
        "PSNR": 17.609699324065563,
        "SSIM": 0.4937879898968865,
        "min_loss": -0.4937880217444663,
        "min_x_trans": -30
    }
}
